# Parameter value	Mean accuracy	Std accuracy	Mean runtime	Std runtime
1.000000000000000000e+00 9.411093135061329162e-01 1.508066184497883514e-03 3.297724723815917969e+00 7.281395298915689651e-02
2.000000000000000000e+00 9.431172765137172398e-01 6.535691558310236524e-04 3.634172042210896958e+00 8.044857624726636791e-02
5.000000000000000000e+00 9.682225511456863387e-01 2.319069100479535111e-04 4.758816719055175781e+00 5.395612173595042138e-02
1.000000000000000000e+01 9.719516253026286856e-01 3.187026129297222481e-04 9.052065451939901308e+00 5.152115901225523542e-01
1.500000000000000000e+01 9.731449290328502144e-01 4.627481516431266261e-04 1.107167800267537494e+01 5.044729328671599955e-01
2.000000000000000000e+01 9.748430920335501293e-01 2.754972795782681242e-04 1.569983243942260742e+01 7.545337880432767541e-02
2.500000000000000000e+01 9.745849253611464924e-01 9.680474621640055080e-04 1.969759821891784668e+01 2.344578468277573879e-01
3.000000000000000000e+01 9.751758401890926464e-01 2.146602748486434051e-05 2.261000672976176062e+01 9.472624340953268718e-02
4.000000000000000000e+01 9.745447661009948304e-01 3.725983702483791826e-04 2.970115701357523719e+01 2.730787792715501094e-01
5.000000000000000000e+01 9.753192661182059631e-01 2.670034600810033834e-04 3.761672361691793043e+01 2.263051913263077197e-01
6.000000000000000000e+01 9.756348031622549266e-01 3.742729781028637142e-04 4.457087707519531250e+01 1.350689838104495166e-01
8.000000000000000000e+01 9.758872327974940086e-01 3.984660391308462849e-04 5.898957395553588867e+01 3.339904748250294708e-01
1.000000000000000000e+02 9.764494624396177214e-01 2.747795260020264468e-04 7.474344189961750828e+01 1.360277326504701678e+00
