# Parameter value	Mean accuracy	Std accuracy	Mean runtime	Std runtime
1.000000000000000000e+00 9.604947620850686762e-01 8.195734594760411803e-04 4.120847702026367188e+00 1.910774884255152239e-01
2.000000000000000000e+00 9.688995215311004827e-01 6.188026900390733009e-04 5.573463678359985352e+00 2.490252374881025688e-01
4.000000000000000000e+00 9.717623030761993741e-01 6.324286612977656624e-04 8.750180323918661074e+00 1.021944285188063489e-01
6.000000000000000000e+00 9.724450104987779619e-01 7.451967404968302478e-04 1.227365366617838482e+01 5.147043749222898201e-01
8.000000000000000000e+00 9.712918660287082062e-01 7.020783468510878589e-04 1.620293831825256348e+01 1.027119391483309330e-01
1.000000000000000000e+01 9.715844549240989503e-01 8.073949907141811724e-04 2.015731366475423059e+01 7.712457156526513202e-01
1.200000000000000000e+01 9.728810253232821337e-01 8.850297983545726225e-04 2.366664465268452844e+01 2.524696856917665877e-01
1.400000000000000000e+01 9.703452548965612046e-01 1.159761609438077299e-03 2.727065531412760535e+01 1.693201600939886753e-01
1.600000000000000000e+01 9.670292474154646989e-01 8.541444586476527748e-04 3.208387056986490649e+01 2.263285007912628766e-01
