# Parameter value	Mean accuracy	Std accuracy	Mean runtime	Std runtime
5.000000000000000000e+00 7.093272750220874778e-01 3.495009444407930037e-03 3.712645928064981948e+00 2.111009776284948625e-01
1.000000000000000000e+01 7.978612325450643583e-01 2.583935044456804869e-03 5.613901297251383760e+00 1.405924742937651392e-02
1.500000000000000000e+01 8.994584236916686182e-01 3.140177655548279361e-03 7.299095948537190459e+00 2.289883141438462943e-01
2.000000000000000000e+01 9.585499064862942342e-01 8.697242379668232177e-04 7.935005029042561553e+00 4.103020383151655126e-02
2.500000000000000000e+01 9.707009512007619412e-01 5.260584666665662134e-04 8.268842697143554688e+00 8.788702557495457757e-02
3.000000000000000000e+01 9.716877215930604939e-01 6.924487404731505908e-04 8.609554688135782285e+00 2.422736003428137969e-02
3.500000000000000000e+01 9.723360067926519745e-01 8.448456843905840195e-04 8.379870017369588808e+00 1.526973449372061309e-01
4.000000000000000000e+01 9.723761660528037476e-01 4.581734514727468614e-04 8.806620121002197266e+00 1.738194066080656908e-01
5.000000000000000000e+01 9.724679586474360704e-01 5.401352699707182708e-04 8.814813693364461855e+00 3.953822698829793925e-02
6.000000000000000000e+01 9.722097919750324335e-01 3.242314355430974846e-04 8.676936626434326172e+00 1.407217841448659967e-01
8.000000000000000000e+01 9.721294734547291094e-01 3.528161247810769553e-04 8.708394686381021543e+00 2.244843729856187686e-01
1.000000000000000000e+02 9.723646919784746379e-01 4.178989558930762166e-04 8.564885377883911133e+00 6.954059791013850189e-02
